audit-6MB.out.avg
1344.000000
193.709199
981.333333
207.204420
668.903226
2474.666667
704.000000
398.222222
53888.000000
2560.000000
1834.666667
2176.000000
5248.000000
10368.000000
5632.000000
2304.000000
256.000000
256.000000
460.800000
159360.000000
448.000000
4096.000000
3072.000000
321.586777
128.000000
2304.000000
18560.000000
13824.000000
5888.000000
3584.000000
21248.000000
87808.000000
3328.000000
4224.000000
7424.000000
288.000000
3072.000000
15616.000000
1280.000000
554.666667
1088.000000
2816.000000
11264.000000
315904.000000
33280.000000
234.666667
448.000000
29573449472.000000
6912.000000
327.441860
1664.000000
500.363636
9856.000000
256.000000
10496.000000
256.000000
6656.000000
384.000000
106624.000000
31744.000000
2048.000000
1634.461538
544.000000
12032.000000
341.333333
1280.000000
256.000000
12800.000000
1792.000000
1536.000000
640.000000
859.428571
214.732240
1408.000000
2560.000000
384.000000
2560.000000
1408.000000
22016.000000
2176.000000
384.000000
2560.000000
10240.000000
2816.000000
9728.000000
21248.000000
256.000000
341.333333
512.000000
3072.000000
682.666667
256.000000
5632.000000
512.000000
1344.000000
4480.000000
186240.000000
896.000000
1344.000000
266.578512
841.142857
14080.000000
5376.000000
653440.000000
28800.000000
3200.000000
4059.428571

audit-cmds-100.out.avg
8192.000000
2176.000000
1800.000000
9600.000000
167.275524
787.692308
350.523077
1181.844560
6072.000000
546.000000
2261.333333
16584.000000
1536.000000
4466.215385
2841.798450
3107.446154
384.000000
141.128616
2133.333333
11852.000000
2721.476923
651.636364
2493.046154
256.000000
18124.000000
338.707692
4736.000000
256.000000
270.222222
1326.470462
2304.000000
132.022181
5301.169231
512.000000
341.333333
6168.000000
152670.523077
294.082645
11988.676923
813.010989
500.184615
30318.276923
12267.456790
2949.907692
1650.215385
560.246154
3944.369231
1387.520000
416.395062
146.070260
291.446154
354.779798
21760.000000
184802.000000
31636.000000
118764.307692
219.569231
13339.569231
298.029851
6128.246154
9956.430769
2992.000000
1688.975610
2916.000000
5224.000000
934.882483
4044.000000
1390.276923
236.307692
1499.954023
1341.046154
5128.895753
554.132820
1571.555556
2048.000000
1216.984615
1153.969231
4352.000000
346777.600000
285.217391
283.569231
1920.000000
55918.276923
3428.000000
988.444444
73888.000000
883.014493
3708.000000
366.276923
3072.000000
330.830769
35200.000000
2560.000000
16986.584615
67846624.653061
202.156913
212.676923
696.000000
1124.000000
7774.523077
358.400000
4440.000000
232.000000
200.861538
2382.769231
596799.015385
10846.523077
4386.909091
2453.661538
652.190476
6341.120000
4629.333333
1618.707692

audit-cmds.out.avg
11392.000000
409.600000
2773.333333
4224.000000
704.000000
5248.000000
1216.000000
341.333333
2048.000000
9472.000000
576.000000
7552.000000
2389.333333
307968.000000
2816.000000
384.000000
5120.000000
5760.000000
18432.000000
832.000000
15104.000000
256.000000
1344.000000
1024.000000
1280.000000
2240.000000
149.333333
682.666667
192.000000
640.000000
1654.153846
15104.000000
1408.000000
2944.000000
287.735537
1408.000000
5120.000000
10624.000000
5120.000000
154368.000000
586.322581
384.000000
3328.000000
2176.000000
1280.000000
3803.428571
749.714286
34688.000000
7680.000000
315.534884
640.000000
3840.000000
53760.000000
256.000000
287.735537
256.000000
341.333333
2304.000000
110720.000000
512.000000
22272.000000
4608.000000
3328.000000
384.000000
554.666667
9856.000000
1536.000000
418.909091
5632.000000
822.857143
5632.000000
384.000000
146.885246
4288.000000
1024.000000
448.000000
4352.000000
256.000000
1792.000000
384.000000
2688.000000
256.000000
256.000000
192.949555
2688.000000
5249005056.000000
256000.000000
12544.000000
20480.000000
1664.000000
146.386740
512.000000
992.000000
5120.000000
33024.000000
384.000000
76288.000000
7168.000000
8960.000000
2048.000000
2176.000000
29696.000000
653312.000000
2304.000000
10624.000000
1664.000000
16512.000000

audit-dijkstra-100.out.avg
1571.720930
4627.393939
347.329730
94700.606061
5411.446154
13824.000000
8550.205323
5888.000000
6515.297710
462.328358
9425.454545
539.151515
830.362085
4274.424242
165.564082
694.303030
4386.909091
56157.090909
8759.138462
356.848485
877.575758
1164.744589
384.000000
18672.484848
5655.272727
896.558952
16474.584615
564848.484848
244.363636
443512.123077
857.928205
811.724518
13738.666667
256.000000
512.000000
2048.000000
26402.909091
4480.000000
1411.878788
232750.545455
4743.757576
581.818182
2273.495875
3046.400000
7168.000000
61768425.795918
283.151515
737613.575758
4860.061538
9739.815385
227494.787879
7733.492537
2032.484848
12039.876923
3944.727273
6906.181818
19758.545455
27458.953846
311.008264
2128.457143
14080.000000
2304.000000
198.769952
439.595960
1097.142857
1744.979592
8316.121212
410.181818
252.689655
8320.000000
57190.400000
32000.000000
256.000000
368.484848
733.611940
13294.080000
629.028571
1908.363636
232.369231
2048.000000
530.823529
23587.446154
2816.000000
1079.138462
150.707131
1536.000000
4458.338462
2335.030303
2144.969697
3031.040000
3513.921788
123573.169231
39918.545455
2730.666667
53791.507692
10228.363636
27466.830769
8751.261538
144.563244
13019.428571
25344.000000
275.393939
724.400265
651.636364
2319.515152
1236.114286
2176.000000
602.261398
1664.000000
3620.571429
5771.636364
947.200000
26957.575758

audit-dijkstra.out.avg
10752.000000
1664.000000
3072.000000
17792.000000
151.337017
256.000000
262.347107
1792.000000
2944.000000
960.000000
4352.000000
256.000000
2432.000000
12032.000000
1237.333333
2560.000000
2304.000000
627.612903
1472.000000
57728.000000
453.818182
256.000000
2304.000000
256.000000
2560.000000
384.000000
1280.000000
25088.000000
8960.000000
768.000000
35712.000000
658560.000000
151.081967
3328.000000
512.000000
93184.000000
1024.000000
896.000000
3328.000000
256.000000
2432.000000
822.857143
22272.000000
219136.000000
1216.000000
5888.000000
256.000000
10069.333333
1280.000000
640.000000
3072.000000
8192.000000
2304.000000
2802950485.333333
768.000000
14592.000000
6912.000000
213.333333
5632.000000
9984.000000
4736.000000
43776.000000
314240.000000
17920.000000
384.000000
2389.333333
2730.666667
115200.000000
13568.000000
13824.000000
298.666667
768.000000
1280.000000
11904.000000
1949.538462
3456.000000
2496.000000
2688.000000
384.000000
1792.000000
1280.000000
2688.000000
4461.714286
8192.000000
25856.000000
4480.000000
384.000000
162560.000000
5504.000000
512.000000
170.160237
256.000000
640.000000
713.142857
320.000000
5120.000000
2944.000000
26368.000000
298.314050
5120.000000
576.000000
682.666667
409.600000
398.222222
303.627907
256.000000
11136.000000

