astar_results.avg
477762.370370
3626.666667
133.272447
112.423127
4352.000000
905.846154
327488.000000
11178.666667
224.000000
12714.666667
2048.000000
12032.000000
162.809746
6848.000000
4672.000000
7253.333333
72.362152

bzip_results.avg
1792.000000
246643.717172
10240.000000
12544.000000
41984.000000
31669.333333
8795.428571
2688.000000

gcc_results.avg
123904.000000
306176.000000
60.188209
94.669746
563.200000
3072.000000
93.166671
84.308345
320.000000
177.898305
7054.642066
206.029206
1280.000000
162048.000000
143.238487
79.755008
576.000000
91.518537
1322.666667
74.687623
768.000000
219.428571
2546.198200
1324.368794
78.339072
4096.000000
84.711457
51.556508
4864.000000
3072.000000
68.970662
62.026701

gobmk_results.avg
13056.000000
185.611265
111.835822
949.255474
146.890128
77.313200
4689.582418
327.695586
81.178860
156.691127
13654.292135
88.201681
267.618469
534.335570
641.057851
1482.549451
87.159220
384.000000
986.273684
194.493089
94.807763
19200.000000
151.108320
90.401306
175.536845

h264ref_results.avg
119.007916
63.159596
83.643564
3481.600000
9664.000000
770.151261
864.000000
571.022222
65.992698
531.268817
5958.492754
56320.000000
856.131148
512.000000
9880.177778
452.740606
544.000000
6656.000000
158208.000000
229034.666667
234.666667
1307.187970
384.000000
1792.000000
158.905318
640.000000
25984.000000
128.000000
8960.000000

hmmer_results.avg
72.660066
0.000000
128.976372
112.454444
114.647655
13670.400000
704.000000
89.870955
110.012878
533.333333
0.000000
1203.200000
88.131148
84.934579
213.333333
7808.000000
29952.000000
98.904780
139.636364
79.278592
3607.630769
358.400000
226.370370
55.304576
125.253193
153.393373
704.000000
694.857143
157.538462
2986.666667
1280.000000
10240.000000
61.202879
221440.000000
113.318178

lbm_results.avg
8227.031579
75.475092
20864.000000
9078528.000000
5248.000000
5376.000000
621.333333
10752.000000
11008.000000

libquantum_results.avg
102.400000
7040.000000
26361.652893
1316.571429
1024.000000
50.990975
665.600000
381.561905
12014.344828
316147.305785

mcf_results.avg
55040.000000
96.906971
3840.000000
4872.827586
1024.000000
4044.800000
23162624.000000
94.877308
134.573895
5888.000000
300.293519
439296.000000

milc_results.avg
91.895058
613.849462
251988.198020
716189.263320
56.542136
155.826087
49.217286
14008.888889
719.238095
1415.757576
864.000000
358.400000
2624.000000

namd_results.avg
54.425197
4710.400000
158.476190
1672.248673
225.280000
85.888166
77.203063
1280.000000
288.471849
9984.000000
123.298174
882.643478
374.153846
6144.000000
95.116374
75.901170
7168.000000
1536.000000
1084.373660

omnetpp_results.avg
63.041033
36992.000000
1280.000000
63.366938
639.139581
53.415206
61.294298
213.333333
44.382008
78.829294
1871.827957
512.000000
2304.000000
49.076935
108.087849
75.896913
159.440974
768.000000
4761.600000
155.929062
407.365079
100.981481
209.164385
120.097509
896.000000
56.672271
106.666667
6656.000000
53.755921
79.821918
510.725652
624.818861
303.780114
147.731225
512.000000
164.497969
108.936170
57472.000000
384.000000
71.115900
8576.000000

povray_results.avg
117.204819
62.462107
3584.000000
66.219554
1792.000000
58.724326
69212.444444
512.000000
59.967114
136.101266
51.685662
7693.473684
174.545455
87.741935
1024.000000
76.800000
428.408855
138.143064
1536.000000
179.445028
52.071731
412.444444
1408.000000
81.165733
290.004562
144.000000
4149.894737
61.344895
522736.324333
896.000000
102.764846
1664.000000
60.167653
128.000000
1792.000000
80.720721
141.241379
196.022857
68.460702
211.478261
69.134234
4159.865828
2560.000000
512.000000
47.722323
57.859128
45.809787
78.581385
122.425444
72.624441
341.333333
129.855072
115.769790
106.186856

sjeng_results.avg
616.578723
156.819473
102.156770
134.540146
1096.691358
577.879769
85.742606
2304.000000
10752.000000
1301.103254
1645.359223
34816.000000
2944.000000
18944.000000
1592.888889
12328.421053

soplex_results.avg
77.411987
4352.000000
58.180661
126.198989
177.933808
384.000000
16640.000000
768.000000
795648.000000
17152.000000
18880.000000
170.666667
3840.000000
47.997230
165.753138
1792.000000
1737.442623
8192.000000
1536.000000
136.130527
53.267933
768.000000
1706.666667
4096.000000
2688.000000
132352.000000
3508.955039
202.322581

sphinx_results.avg
75.428777
22932.519084
450.735043
207.269807
1792.000000
2303.218229
9704.888889
74.663208
2048.000000
3091.584699
408.053691
4096.000000
140.785959
207.238095
140.999181
59.869541
64.546632
597.333333
98.305529
145.297297
2640.000000
650.702312
11925.796160
691.275900
156.378648
253.219842
768.000000
1194.666667
81.366593
184.169979
105.864662
1536.000000

xalancbmk_results.avg
231.305466
106.224708
328.000000
3328.000000
1152.000000
134.095238
1048.692498
1054.710349
290.190629
10496.000000
2686.984127
10069.333333
33575.270315
369365.333333
422.400000
621.714286
6144.000000
282.880000
10154.666667
175.157895
1792.000000
918.476135
111.700297
804.571429
134.983255
1616.743276
1024.000000
277.035245
460.800000
96.344086
12416.000000
230.400000
704.000000
137.721519
408.411277
819.200000
710.193548
281.600000
126.400000
219.955484
15552.000000
431.407407

