nginx.30s.audit.out-filtered.avg
195.408284
204.800000
7936.000000
832.000000
12032.000000
2560.000000
8362.666667
288.000000
2762.237577
165.042287
459.375106
128.000000
273.655172
1536.000000
125.754455
5888.000000
61184.000000
1280.000000
187.630785
13850.258811
762.304987
1536.000000
388539.095553
2150.400000
1792.000000
3546.352941
728.776683
281.413838
4608.000000
1536.000000
1952.281732
768.000000
896.000000
12544.000000
120704.000000
182.439829
106.363759
11264.000000
360.296296
2944.000000
6709.180503
665.600000
1792.000000
6144.000000
36352.000000
1962.666667
1048.545891
8448.000000
3968.000000
2392.639459
103.791962
10752.000000
4096.000000
1365.333333
1536.000000
1064.537370
405.333333
1536.000000
3584.000000
1536.000000

