nginx.30s.audit.out-filtered.avg
326.162963
1945.600000
6144.000000
7312.928766
13824.000000
4352.000000
2048.000000
532.997347
11008.000000
2816.000000
6912.000000
35584.000000
115.200000
2133.333333
1233.330092
665.600000
2707.882068
6912.000000
768.000000
144.895358
107.933788
1495965.720976
184.630303
121216.000000
768.000000
3137.828571
208.776699
3924.666341
3584.000000
53248.000000
2048.000000
4224.000000
1300.719634
8106.666667
230.400000
1280.000000
288.000000
102.166329
206.488286
896.000000
1792.000000
1280.000000
1280.000000
16896.000000
10624.000000
203.338075
1792.000000
264.827586
4096.000000
2287.755999
1365.333333
8704.000000
2048.000000
382.221556
141338.769265
1365.333333
3840.000000
384.000000
843.861580
1352.288471

